{
    "traits": [
        {
            "uid": "MILK",
            "calculated_standard_deviation": 567.0,
            "heritability": 0.20,
            "net_merit_dollars": 0.02,
            "inbreeding_depression_percentage": -73.4
        },
        {
            "uid": "FAT",
            "calculated_standard_deviation": 25.0,
            "heritability": 0.20,
            "net_merit_dollars": 4.18,
            "inbreeding_depression_percentage": -2.69
        },
        {
            "uid": "PROT",
            "calculated_standard_deviation": 15.0,
            "heritability": 0.20,
            "net_merit_dollars": 4.67,
            "inbreeding_depression_percentage": -2.10
        },
        {
            "uid": "PL",
            "calculated_standard_deviation": 1.7,
            "heritability": 0.08,
            "net_merit_dollars": 34,
            "inbreeding_depression_percentage": -0.28
        },
        {
            "uid": "SCS",
            "calculated_standard_deviation": 0.14,
            "heritability": 0.12,
            "net_merit_dollars": -74,
            "inbreeding_depression_percentage": 0.01
        },
        {
            "uid": "BWC",
            "calculated_standard_deviation": 0.76,
            "heritability": 0.40,
            "net_merit_dollars": -45,
            "inbreeding_depression_percentage": 0
        },
        {
            "uid": "UDC",
            "calculated_standard_deviation": 0.65,
            "heritability": 0.27,
            "net_merit_dollars": 19,
            "inbreeding_depression_percentage": 0
        },
        {
            "uid": "FLC",
            "calculated_standard_deviation": 0.53,
            "heritability": 0.15,
            "net_merit_dollars": 3,
            "inbreeding_depression_percentage": 0
        },
        {
            "uid": "DPR",
            "calculated_standard_deviation": 1.4,
            "heritability": 0.04,
            "net_merit_dollars": 11,
            "inbreeding_depression_percentage": -0.22
        },
        {
            "uid": "CA$",
            "calculated_standard_deviation": 10.41,
            "heritability": 0.07,
            "net_merit_dollars": 1.0,
            "inbreeding_depression_percentage": 0
        },
        {
            "uid": "HCR",
            "calculated_standard_deviation": 1.3,
            "heritability": 0.01,
            "net_merit_dollars": 1.1,
            "inbreeding_depression_percentage": -0.21
        },
        {
            "uid": "CCR",
            "calculated_standard_deviation": 1.6,
            "heritability": 0.02,
            "net_merit_dollars": 2.2,
            "inbreeding_depression_percentage": -0.31
        },
        {
            "uid": "LIV",
            "calculated_standard_deviation": 1.6,
            "heritability": 0.013,
            "net_merit_dollars": 9.8,
            "inbreeding_depression_percentage": -0.11
        },
        {
            "uid": "HTH$",
            "calculated_standard_deviation": 4.54,
            "heritability": 0.01,
            "net_merit_dollars": 1.0,
            "inbreeding_depression_percentage": 0
        },
        {
            "uid": "RFI",
            "calculated_standard_deviation": 46.2,
            "heritability": 0.14,
            "net_merit_dollars": -0.3,
            "inbreeding_depression_percentage": 0
        },
        {
            "uid": "EFC",
            "calculated_standard_deviation": 2.05,
            "heritability": 0.027,
            "net_merit_dollars": 2.1,
            "inbreeding_depression_percentage": -0.65
        },
        {
            "uid": "HLV",
            "calculated_standard_deviation": 0.4,
            "heritability": 0.007,
            "net_merit_dollars": 5.0,
            "inbreeding_depression_percentage": -0.17
        },
        {
            "uid": "TYPE",
            "calculated_standard_deviation": 1.0,
            "heritability": 0.25,
            "net_merit_dollars": 0.0,
            "inbreeding_depression_percentage": 0
        }
    ],
    "genotype_correlations": [
        [ 1.000,  0.399,  0.835,  0.113,  0.179, -0.131,  0.042, -0.100, -0.342,  0.089, -0.138, -0.219, -0.191, -0.032, -0.008,  0.276,  0.194,  0.100],
        [ 0.399,  1.000,  0.591,  0.090,  0.080, -0.115,  0.056, -0.025, -0.245,  0.205, -0.044, -0.123, -0.116,  0.134, -0.020,  0.178,  0.194,  0.100],
        [ 0.835,  0.591,  1.000,  0.128,  0.168, -0.100, -0.006, -0.121, -0.307,  0.133, -0.153, -0.176, -0.179,  0.036, -0.005,  0.329,  0.169,  0.100],
        [ 0.113,  0.090,  0.128,  1.000, -0.456, -0.221, -0.001, -0.008,  0.544,  0.363,  0.305,  0.629,  0.728,  0.661, -0.078,  0.270,  0.398, -0.100],
        [ 0.179,  0.080,  0.168, -0.456,  1.000, -0.192, -0.021,  0.016, -0.313, -0.066, -0.145, -0.299, -0.285, -0.550, -0.124, -0.053, -0.182, -0.200],
        [-0.131, -0.115, -0.100, -0.221, -0.192,  1.000,  0.098,  0.177, -0.024, -0.125, -0.097, -0.085, -0.207,  0.002,  0.143, -0.024,  0.048,  0.500],
        [ 0.042,  0.056, -0.006, -0.001, -0.021,  0.098,  1.000,  0.398, -0.195, -0.008,  0.010, -0.138, -0.286,  0.044, -0.018, -0.175,  0.134,  0.500],
        [-0.100, -0.025, -0.121, -0.008,  0.016,  0.177,  0.398,  1.000, -0.141,  0.003,  0.028, -0.157, -0.107, -0.010, -0.105, -0.142,  0.071,  0.500],
        [-0.342, -0.245, -0.307,  0.544, -0.313, -0.024, -0.195, -0.141,  1.000,  0.264,  0.514,  0.930,  0.485,  0.342,  0.088,  0.293,  0.128, -0.250],
        [ 0.089,  0.205,  0.133,  0.363, -0.066, -0.125, -0.008,  0.003,  0.264,  1.000,  0.176,  0.329,  0.198,  0.249, -0.091,  0.211,  0.264, -0.250],
        [-0.138, -0.044, -0.153,  0.305, -0.145, -0.097,  0.010,  0.028,  0.514,  0.176,  1.000,  0.599,  0.187,  0.194,  0.016,  0.328,  0.165, -0.250],
        [-0.219, -0.123, -0.176,  0.629, -0.299, -0.085, -0.138, -0.157,  0.930,  0.329,  0.599,  1.000,  0.488,  0.411,  0.041,  0.299,  0.223, -0.250],
        [-0.191, -0.116, -0.179,  0.728, -0.285, -0.207, -0.286, -0.107,  0.485,  0.198,  0.187,  0.488,  1.000,  0.494, -0.069,  0.137,  0.202, -0.100],
        [-0.032,  0.134,  0.036,  0.661, -0.550,  0.002,  0.044, -0.010,  0.342,  0.249,  0.194,  0.411,  0.494,  1.000,  0.032,  0.147,  0.300, -0.100],
        [-0.008, -0.020, -0.005, -0.078, -0.124,  0.143, -0.018, -0.105,  0.088, -0.091,  0.016,  0.041, -0.069,  0.032,  1.000,  0.008, -0.046,  0.000],
        [ 0.276,  0.178,  0.329,  0.270, -0.053, -0.024, -0.175, -0.142,  0.293,  0.211,  0.328,  0.299,  0.137,  0.147,  0.008,  1.000,  0.329, -0.100],
        [ 0.194,  0.194,  0.169,  0.398, -0.182,  0.048,  0.134,  0.071,  0.128,  0.264,  0.165,  0.223,  0.202,  0.300, -0.046,  0.329,  1.000, -0.100],
        [ 0.100,  0.100,  0.100, -0.100, -0.200,  0.500,  0.500,  0.500, -0.250, -0.250, -0.250, -0.250, -0.100, -0.100,  0.000, -0.100, -0.100,  1.000]
    ],
    "phenotype_correlations": [
        [ 1.000,  0.399,  0.835,  0.113,  0.179, -0.131,  0.042, -0.100, -0.342,  0.089, -0.138, -0.219, -0.191, -0.032, -0.008,  0.276,  0.194,  0.100],
        [ 0.399,  1.000,  0.591,  0.090,  0.080, -0.115,  0.056, -0.025, -0.245,  0.205, -0.044, -0.123, -0.116,  0.134, -0.020,  0.178,  0.194,  0.100],
        [ 0.835,  0.591,  1.000,  0.128,  0.168, -0.100, -0.006, -0.121, -0.307,  0.133, -0.153, -0.176, -0.179,  0.036, -0.005,  0.329,  0.169,  0.100],
        [ 0.113,  0.090,  0.128,  1.000, -0.456, -0.221, -0.001, -0.008,  0.544,  0.363,  0.305,  0.629,  0.728,  0.661, -0.078,  0.270,  0.398, -0.100],
        [ 0.179,  0.080,  0.168, -0.456,  1.000, -0.192, -0.021,  0.016, -0.313, -0.066, -0.145, -0.299, -0.285, -0.550, -0.124, -0.053, -0.182, -0.200],
        [-0.131, -0.115, -0.100, -0.221, -0.192,  1.000,  0.098,  0.177, -0.024, -0.125, -0.097, -0.085, -0.207,  0.002,  0.143, -0.024,  0.048,  0.500],
        [ 0.042,  0.056, -0.006, -0.001, -0.021,  0.098,  1.000,  0.398, -0.195, -0.008,  0.010, -0.138, -0.286,  0.044, -0.018, -0.175,  0.134,  0.500],
        [-0.100, -0.025, -0.121, -0.008,  0.016,  0.177,  0.398,  1.000, -0.141,  0.003,  0.028, -0.157, -0.107, -0.010, -0.105, -0.142,  0.071,  0.500],
        [-0.342, -0.245, -0.307,  0.544, -0.313, -0.024, -0.195, -0.141,  1.000,  0.264,  0.514,  0.930,  0.485,  0.342,  0.088,  0.293,  0.128, -0.250],
        [ 0.089,  0.205,  0.133,  0.363, -0.066, -0.125, -0.008,  0.003,  0.264,  1.000,  0.176,  0.329,  0.198,  0.249, -0.091,  0.211,  0.264, -0.250],
        [-0.138, -0.044, -0.153,  0.305, -0.145, -0.097,  0.010,  0.028,  0.514,  0.176,  1.000,  0.599,  0.187,  0.194,  0.016,  0.328,  0.165, -0.250],
        [-0.219, -0.123, -0.176,  0.629, -0.299, -0.085, -0.138, -0.157,  0.930,  0.329,  0.599,  1.000,  0.488,  0.411,  0.041,  0.299,  0.223, -0.250],
        [-0.191, -0.116, -0.179,  0.728, -0.285, -0.207, -0.286, -0.107,  0.485,  0.198,  0.187,  0.488,  1.000,  0.494, -0.069,  0.137,  0.202, -0.100],
        [-0.032,  0.134,  0.036,  0.661, -0.550,  0.002,  0.044, -0.010,  0.342,  0.249,  0.194,  0.411,  0.494,  1.000,  0.032,  0.147,  0.300, -0.100],
        [-0.008, -0.020, -0.005, -0.078, -0.124,  0.143, -0.018, -0.105,  0.088, -0.091,  0.016,  0.041, -0.069,  0.032,  1.000,  0.008, -0.046,  0.000],
        [ 0.276,  0.178,  0.329,  0.270, -0.053, -0.024, -0.175, -0.142,  0.293,  0.211,  0.328,  0.299,  0.137,  0.147,  0.008,  1.000,  0.329, -0.100],
        [ 0.194,  0.194,  0.169,  0.398, -0.182,  0.048,  0.134,  0.071,  0.128,  0.264,  0.165,  0.223,  0.202,  0.300, -0.046,  0.329,  1.000, -0.100],
        [ 0.100,  0.100,  0.100, -0.100, -0.200,  0.500,  0.500,  0.500, -0.250, -0.250, -0.250, -0.250, -0.100, -0.100,  0.000, -0.100, -0.100,  1.000]
    ],
    "recessives": [
        {
            "uid": "BLAD",
            "fatal": true,
            "prevalence_percent": 10
        },
        {
            "uid": "DUMPS",
            "fatal": true,
            "prevalence_percent": 10
        },
        {
            "uid": "MF",
            "fatal": false,
            "prevalence_percent": 10
        },
        {
            "uid": "CD",
            "fatal": true,
            "prevalence_percent": 10
        },
        {
            "uid": "POLLED",
            "fatal": false,
            "prevalence_percent": 10
        },
        {
            "uid": "CVM",
            "fatal": true,
            "prevalence_percent": 10
        },
        {
            "uid": "BY",
            "fatal": true,
            "prevalence_percent": 10
        },
        {
            "uid": "CR",
            "fatal": true,
            "prevalence_percent": 10
        },
        {
            "uid": "RED",
            "fatal": false,
            "prevalence_percent": 20
        },
        {
            "uid": "HH1",
            "fatal": true,
            "prevalence_percent": 5
        },
        {
            "uid": "HH2",
            "fatal": true,
            "prevalence_percent": 5
        },
        {
            "uid": "HH3",
            "fatal": true,
            "prevalence_percent": 5
        },
        {
            "uid": "HH4",
            "fatal": true,
            "prevalence_percent": 5
        },
        {
            "uid": "HH5",
            "fatal": true,
            "prevalence_percent": 5
        },
        {
            "uid": "HH6",
            "fatal": true,
            "prevalence_percent": 5
        }
    ],
    "animals": {
        "Bovine (Holstein)": {
            "traits": {
                "MILK": {
                    "name": "MILK",
                    "standard_deviation": 567.0,
                    "phenotype_average": 17000,
                    "unit": ""
                },
                "FAT": {
                    "name": "FAT",
                    "standard_deviation": 25.0,
                    "phenotype_average": 6120,
                    "unit": "lbs"
                },
                "PROT": {
                    "name": "PROT",
                    "standard_deviation": 15.0,
                    "phenotype_average": 5100,
                    "unit": "lbs"
                },
                "PL": {
                    "name": "PL",
                    "standard_deviation": 1.7,
                    "phenotype_average": 30,
                    "unit": "months"
                },
                "SCS": {
                    "name": "SCS",
                    "standard_deviation": 0.14,
                    "phenotype_average": 3,
                    "unit": ""
                },
                "BWC": {
                    "name": "BWC",
                    "standard_deviation": 0.76,
                    "phenotype_average": 0,
                    "unit": ""
                },
                "UDC": {
                    "name": "UDC",
                    "standard_deviation": 0.65,
                    "phenotype_average": 0,
                    "unit": ""
                },
                "FLC": {
                    "name": "FLC",
                    "standard_deviation": 0.53,
                    "phenotype_average": 0,
                    "unit": ""
                },
                "DPR": {
                    "name": "DPR",
                    "standard_deviation": 1.4,
                    "phenotype_average":30,
                    "unit": "%"
                },
                "CA$": {
                    "name": "CA$",
                    "standard_deviation": 10.41,
                    "phenotype_average": 0,
                    "unit": ""
                },
                "HCR": {
                    "name": "HCR",
                    "standard_deviation": 1.3,
                    "phenotype_average": 60,
                    "unit": "%"
                },
                "CCR": {
                    "name": "CCR",
                    "standard_deviation": 1.6,
                    "phenotype_average": 40,
                    "unit": "%"
                },
                "LIV": {
                    "name": "LIV",
                    "standard_deviation": 1.6,
                    "phenotype_average": 90,
                    "unit": "%"
                },
                "HTH$": {
                    "name": "HTH$",
                    "standard_deviation": 4.54,
                    "phenotype_average": 0,
                    "unit": ""
                },
                "RFI": {
                    "name": "RFI",
                    "standard_deviation": 46.2,
                    "phenotype_average": 0,
                    "unit": "lbs"
                },
                "EFC": {
                    "name": "EFC",
                    "standard_deviation": 2.05,
                    "phenotype_average": 800,
                    "unit": " days"
                },
                "HLV": {
                    "name": "HLV",
                    "standard_deviation": 0.4,
                    "phenotype_average": 90,
                    "unit": "%"
                },
                "TYPE": {
                    "name": "TYPE",
                    "standard_deviation": 1.0,
                    "phenotype_average": 80,
                    "unit": ""
                }
            },
            "recessives": {
                "BLAD": {
                    "name": "BLAD"
                },
                "DUMPS": {
                    "name": "DUMPS"
                },
                "MF": {
                    "name": "MF"
                },
                "CD": {
                    "name": "CD"
                },
                "POLLED": {
                    "name": "POLLED"
                },
                "CVM": {
                    "name": "CVM"
                },
                "BY": {
                    "name": "BY"
                },
                "CR": {
                    "name": "CR"
                },
                "RED": {
                    "name": "RED"
                },
                "HH1": {
                    "name": "HH1"
                },
                "HH2": {
                    "name": "HH2"
                },
                "HH3": {
                    "name": "HH3"
                },
                "HH4": {
                    "name": "HH4"
                },
                "HH5": {
                    "name": "HH5"
                },
                "HH6": {
                    "name": "HH6"
                }
            },
            "herd": "herd",
            "male": "bull",
            "female": "cow",
            "herds": "herds",
            "males": "bulls",
            "females": "cows",
            "sire": "sire",
            "sires": "sires",
            "dam": "dam",
            "dams": "dams",
            "pta_prefix": "PTA",
            "genotype_prefix" : "gen",
            "phenotype_prefix" : "ph"
        }
    }
}
